"","FECHA_SINTOMAS","i_s","cumulative_i_s"
"1","2020-03-01",1,1
"2","2020-03-12",1,2
"3","2020-03-14",2,4
"4","2020-03-15",1,5
"5","2020-03-16",1,6
"6","2020-03-17",2,8
"7","2020-03-18",1,9
"8","2020-03-19",1,10
"9","2020-03-20",5,15
"10","2020-03-21",4,19
"11","2020-03-22",4,23
"12","2020-03-23",9,32
